0000000000000000000000000000000001000000000000000000000000000000000000000000010000000000000000000000000000100000000000000000000000000000000000000000000000000000000000000000000000000000000000000000000000000000000000000000000000000
0000010001000000000000000011000000000000000000000000000000000000000000000000000000001000000000000001000000010000000000000000000000000001000000000010000000000000000000000000000000000000000000000000000000000000000000000000000000000
0000000000000000000000000000000000000000000000000000000000000000110000101000100000000000000000000000000000000000000000000000000000000000000000000000000000000000000000000000000000000000000000000000000000000000000000000000000000000
0001000100000101010000101100001111110000000100000010000000000000000010000000010010010100000000000000000000000000001110000000100001100100100000000000000000000000000000000000010000000010000000000000000000000000000011000010000110000
0000000000100000000000000000100000000000000000000010000011110000000000101000100000000000000100000000011000000101100000001001001100100100000100000000000000110110111111110100000000000000000000000000000000000000000000000000000000000
0100000000000000000000000000000000000000000000000000000000000000000000000000000000000000000000000000000000000000000000000000000000000000000000000001000000000000000000000000000000000000000000000000000000000000000000000000000000000
0000000000000000000000000000000001000000000000000000000000000000000000000000000000000000000000000000000100000000000000010000000000000000000000000000000000000000000000000000000000000000000000000000000000000000000000000000000000000
0001000000000000000000000000011101100000000000000000000000000000000000000000000000000000000000000000000000000000000000000000100000000000000000000000000000000000000000000000000000000000000000000000000000000000000000000000000000000
0000000000000000000000000000000000000000000000000000000000000000000010001000000000000000100000000000000000001001000000001000000000001000000000000000000000000000000000000000000000000000000000000000000000000000000000000000000000000
0100000000000000000001000010000000000000000000000000000000001000010001000000100000101000000010000000000000000000100000000000000000000000000000000001000000000000000000000000000000000000000000000000000000000000000000000000000000000
0000100000110010000000000100100001011000000101001011000111010101001000111000111001000000000100000000011000000101100001101101001100100100000000000000000100110111111111111110100110111111011101111111111111111111111100100000100000000
0000000000100000000000000000100000000000000000001000000111010000000000111000110001000000000000000000011000000101000000001001001100100100000000000000000000110110111111110110100100110111011101111111111000001000000000000000000000000
0000000000001000000010000000000000000100010000000000000000001000000000000011000000100000000000000000100000000000000000000000000000000000000001110000000000000000000000000000000000000000000000000000000000000000000000000000000000001
0001000000000000000000000000001111110000000000000000000000000000000000000000000010000000000000000000000000000000000000000000100000000000000000000000000000000000000000001000000000000000000000000000000000000000000000000000110100000
0000000000100000000000000000100010000000000000000000000011010000000000101000100000000000000000000000011000000101000000001001001100100100000000000000000000110110111111110110100100000000000000000000000000000000000000000000000000000
0001000000000000000000000000001111100000000000000000000000000000000000000000000010000000000000000000000000000000000000000000100000000000000000000000000000000000010000000000000000000000000000000000000000000000000000000000000000000
0000000000000000000000000000000000000000000000000010000010110000000000101000100000000000000000010000011000000100000000000000000000000000000100000000000000000000010000000100000000000000000000000000000000000000000000000000000000000
0001000000000000000000000000001101100000000000000000000000000000000000000000000010000000000000000000000000000000000000000000100000000000000000000000000000000000000000000000000000000000000000100000000000000000000001000000000000000
0000000000000000000010000000001000100000000000000010010000100000000000000000000100000000000000011100000000100000000100000000000000010001000100000000000100000000010000000100000000000100000000000000000000000000000000000000000000000
0000000000000000000000010000000000000000000000000000000011010000000000101000100000000000000000000000011000000101000000001001001100100100000000000000000000110000000000100000000000000000000000000000000000000000000000000000000000000
0000000000001000001011000000101101100000100000010010101000101000010101000111000100100100000010000000000000000000001110001000100101000010011001101000000000000000000000000000000000000000000000000000000000000000000000000000000000000
0000000001000000000011000000100001100000000000000010111011111000010101101101100100100100000010000000011000000101000000001001001100100100011001000000000000110000000000000000000000000000000000000000000000000000000000000000000000000
0001000000000000000000000000001111110000000000000000000000000000000000000000000010000000000000000000000000000000000000000000100000000000000000000000000000000000000000000000000000000000000000000000000000000000000000000000111000100
0000000000000000000100010000000000000000000000010000000000000000000000000000000000000000000000000000000000000001000000000000000000000000000000000000000101010000000000100000000000000000000000000000000000000000000000000000000000000
0001000000000000000000000000001111110000000000000000000000000000000000000000000010000000000000000000000000000000000000000000100000000000000000000000000000000000000000000000000000000000000000000000000000000000000000000000110000000
0001000000100000000000000000100000000000000000001000000111010000000000111000100001000000000000000000011000000101000000001001001100100100000000000000000000110110111111110110100100110111011101111111111101110010001000000000000000000
0100000001000000000000000000000000000001000000100000000000000000000000000000100000101000000000000011000000010000000000001000000000000001000000001001000000000000000000000000000000000000000000000000000000000000000000000000000000000
0100000000000000000000000000000000100000000000000000000000000000000000000000000100101000000000011100000000100000000000000000000000000000000000000001000000000000000000000000000000000000000000000000000000000000000000000000000000000
0000100000110010000011000100100001011000010101000011011111111100011101111000111001000000000010000000111000000101000000001011001100100100000000000000000100111111111111011010000010111111001101111111111110111101111100100000100000000
0000000100000000000000000000000000000000000000000010000000001000000000000000000000000000000000000000000000100000001110000000000000000000000000000000000000000000000000000000000000000000000000000000000000000000000000000000000000000
0001000100000101011010101000001111110000000000000000000011011000010011101000110010010100010010100000011110000101001110000101111011100100100000000000000000000000000000000000010000000010000000000000000000000000000011000010000110000
0001000100000101010010101000001111110000000000000000000011010000000011101000110010010000000000000000011000000101000000000011111110100100100000000000000000000000000000000000010000000010000000000000000000000000000011000010110110000
0001000000000111000000101000001111110000000000000000000000000000000000000000010010000010000000000000000000000000000000000000100000000000000000000000000000000000000000000000011011000010000000000000000000000000000011000010000111000
1001001100100101010011101000101111110001000001101010001111011100011011111000111011010001000010100000011110000101000001101101111110100100100000000000000000110110111111110110110100110111011101111111111101110010001011110110001110000
0001000100000101011011101001001111110001000001000000001001011000011011000000010010010000000010011100000000100000001001000000000010100100100000000000000000000000000000000000010000000010000000000000000000000000000011100110000110000
0001000000100100000000101000101111100000000000000000000011010001000000101000110010000010000000000000011000000101000000001001101100100100000000000000000000110110111111110110101001000000000000000000000000000000000001000010000111000
0000000000100000000000000000100000000000000000001000000111010000000000111000100001000000000000000000011000000101000000001001001100100100000000000000000000110110111111110110100100110111011101100000000000000000000001000000000000000
0000000000001000000000000000000000000000001000000000000000001000000000000000000000000000000000000000000000000000000000000000000000000000001001000000000000000000000000000000000000000000000000000000000000000000000000000000000000000
0000000000000000000000000000000000000000000000001001000000000000000000000000000000000000000000000000000000000000000000000000000000000000000000000000000000000000000000000000000000000000000000000000000000000000000000000000000000000
0000000000000000000000000010000001100001000001000010000100110000001000100000010000000000000000010010000000000000000000000000000000000000000100000000000000000000010000000100000000000000000000000000000000000000000000101100010000000
0000000000000000000010000000000000000000000000000000000000000000000000000000000000000000000000000000000000000000000100000000000000000000000000000000001100000000000000000000000000000100000000000000000000000000000000000000000000000
0000000000001000000000000000100000000000000000000000000000000000000000000000000000100000000000000000000000000000000000010000000000000000000000000000000000000000000000000000000000000000000000000000000000000000000000000000000000000
0000000000000000000000000000000000000100000000000000000000000000001000000000000000000000000000000001000000000000000000000000000000000000000000000000000000000000000000000000000000000000000000000000000000000000000000000000000000000
0001000000100000000000000000100000000000000000000000000011010000000000111000100000000000000000000000011000000101000000001001001100100100000000000000000000110110111111110110100100110111100000000000000000000000000000000000000000000
0000000000000000000000000000000000000000000010000000000000000000000010000000000000000000000000000000000000000000000000000000000000000000000000000001000001000000000000000000000000000000000000000000000000000000000000000000000000000
0000000000100000000000000000100001100001000000001000000111010100000000111000101001000000000000000000011000000101000000001001001100100100000000000000000000110110111111110110100100110111011101111111111101110010001001011000010000000
0000000000000000000000000010000001000000000000000000000000000000000000000000000000000000001000000000000001000000000000010000000000000000000000000000000000000000000000000000000000000000000000000000000000000000000000000000000000000
0000000000000000000010010000000000000000000000000000000000000000000000000000000000000000000000000000000000000000000100000000000000000000000000000000000100000000000000000000000000000100000000000000000000000000000000000000000000000
0000000000110000000000000100000001001010000001000000000001010100001000010000001000000000000000000000000000000000000000000000000000000000000000000000000000000000010000000000000000000000000011111111111110111101111100100000100000000
0000000000000000000000000000000000000000000000000000000000000000000000000000000000100000000000000000000000100000000000000000000000000000000000000000000000000000000000000000000000000000000000000000000000000000000000000000000000000
0001100000100000101011000000110001000001000000000010011011111000011101101000110000000000000010000010011000000101000000001001001100111100010011000010001000110110100000000001100000000000000000000000000000000010011100000000010000000
0000000000100000000000000000100000000010000000000001000111010000000000111000100001000000000000000000011000000101000000001001001100100100000000000000100000110110111111111110100100110111011110000000000000000000000000000000000000000
0000000000000000000011000000000000000000000000000000011000101000010101000000000000000000000010000000100000000000000000000000000000000000000000000000000000000000000000000000000000000000000000000000000000000000000000000000000000001
0000000000000000001001000000100000000000000000000010100000100000000000000011000000000100000000000000000000000000001110000000000001000010000000000000000000000000000000000000000000000000000000000000000000000000000000000000000000000
0000000000000000000011000000100001100000000000000010100000101000010001000101000100100100000010000000000000000000000000001000000000000000011001000000000000000000000000000000000000000000000000000000000000000000000000000000000000000
0000000000110000000000000100100001001001000001000001000111010100001000111000101001000000000000000000011000000101000000001001001100100100000000000000000000110110111111110110100100110111011101111111111110111101111100100000100000000
0000100000110010100101000100101101011000000101000011000101010100001001111000111001000000000000000000011000100111010000000000100000000000000000000000000100100111111111011010000010111111001101111111111110111101111100100000100000000
0000100000110010000101000100101101111000000101001011000111010100001001111000111001000000000000011100011000100101010000001001101100100100000000000000000100110111111111111110100110111111011101111111111111111101111100100000100000000
0000100000000000101011000000100000000001000000000010111000101000011101000101000100100000000010000010000000000000000000001000000000010000001011000000000000000000000000000000000000000000000000000000000000000000000000000000000000000
0000100000110010100101000100101101111001000101001011000111010100001001111000111001000000000000011110011000100111010000001001101100100100000000000000000100110111111111111110100110111111011101111111111111111111111101110000100000000
0000000001001000000011000000111001100100000000000010101000100000000001000101000100100100000001000000100000000000000000001000010100000000011001100000000000000000000000000000000000000000000000000000000000000000000000000000000000000
0000000000100000000000000000100001000000000001001000000111010000000000111000101001000000000000000000011000000101000000001001001100100100000000000000000000110110111111110110100100110111011101111111111101110010001001010000100000000
0000000000000000000000000000000000000000000000000000000000000010000000000000000000000000000000000000000000000000001110000000000000000000000000000000000000000000000000000000000000000000000000000000000000000000000000000000000000000
0000000000100000000000000000000000010000000000000000000000000000000000000000010010000000000000000000000000000000000000000000000000000000000000000000000000000000000000000000000000000000000000010000001000001000000000000000000000000
0010000000000000000000000000000000000000000000000000000000000000000000000000000000000000000000000000000000000000000000000000000000000000000000011000000000000000000000000000000000000000000000000000000000000000000000000000000000000
0010000001000000000011000000101001100000000000000010101000100000000011000101100100100100000001000000100000000000000000001000000100000000011001000000000000000000000000000000000000000000000000000000000000000000000000000000000000000
0000000000100000000000000000100001100001001000001010000111110000000000111000110001000000000000010000011000000101000000001001001100100100000100000000000000110110111111110110100100110111011101111111111101110010001001001000010000000
0000000000000000000011000000100000000000000000000010100000100000000000000101010000100000000000000000000000000000000000000000000000000000000001000000000000000000000000000000000000000000000000000000000000000000000000000000000000000
0001000010000000000000000000001101100000000010000000000000000000010000001000000000000100001000000000000000000100000000010000100000000010000000000001000000100000000000000000000000000000000000000000000000000000000000000000000000000
0000000001000000000011000000101101100000000000000010101011111000010001101101100100100100000011000000111000000101000000001001101100100100011001000000000000000000000000000000000000000000000000000000000000000000000000000000000000000
0010100000110010100101000100101101011001000101000011000111010100001001010000111001000000000000000010001000100111010000000000100000000000000000000000000100100111111111011010000010111111001101111111111110111101111100100000100000000
0000000000110000000000000100100001001000000101001001000111010100001000111000101001000000000000000000011000000101000000001001001100100100000000000000000000110110111111110110100100110111011101111111111110111101111100100000100000000
0010100010110010100101000100101101011000000101000011000111010100001011011000111001010100100000010100001000101111010000011000100000001010000000000000000100100111111111011010000010111111001101111111111110111101111100100000100000000
0000000000000000000011000000000000000000000000000000001000101000010101000011000000100000000010000000100000000000000000000000000000000000000000010000000000000000000000000000000000000000000000000000000000000000000000000000000000001
0000000000001000000010000000000000000000000000000000010000000000000000000101000000000000000000000000000000000000000100000000000000000000000000101000000100000000000000000000000000000100000000000000000000000000000000000000000000000
0000000000001000000011000000000000000000000000000000011000101000010101000110000000100000000010000000100000000000000000000000000000000000000000110000000000000000000000000000000000000000000000000000000000000000000000000000000000001
0010100001110010100101000110101101011000000101000011000111010100011001111000111001000001000010010101001000110111010000000000100000000001000000000000000100100111111111011010000010111111001101111111111110111101111100100000100000000
1001000000110000000000000000101111110001000000000010000011010001001100101000110010000000000100000000011000000101100000001011101100100100100100000000000000110110111111110111000000000000000000000000000000001110001000110100100000000
0000000000100000000000000000100001000000000001001000000111010100000000111000100001000000000000000000011000000101000000001001001100100100000000000000000000110110111111110110100100110111011101111111111101110010001001010000100000000
0000000000000000001011000001000000000000000000000000001000101000010001000000000000000000000010000000000000000000000000000000000000000000000000000000000000000000000000000000000000000000000000000000000000000000000000000000000000000
0001000000000101010000101000001111110000000000000000000000000001000000000000010010000000000100000000000000000000100000000000100000000000000000000000000000000000000000000000010000000010000000000000000000000000000011000010000110000
0000000000110000000000000100100001001000000001000001000111010100001000111000101000000000000000000000011000000101000000001001001100100100000000000000000000110110111111110110100100110111011101111111111110111101111100100000100000000
0000000001001000000011000011000000000000010000000100001000101000010101000101000000001000000010000001100000011000000000000000000000000001000010100100000000000000000000000000000000000000000000000000000000000000000000000000000000000
0001000000000000000000000000001101100000000000000000000000000000000000001000000000000000000000000000000000000000000000000000100000000010000000000000000000100000000000000000000000000000000000000000000000000000000000000000000000000
0100000001000000000000000011000000000000000000000000000000000000000000000000000000100000000000000001000000010000000000000000000000000001000000000001000000000000000000000000000000000000000000000000000000000000000000000000000000000
0001000000000000000011000000001000000000000000000000011000001000010011001000000000000000100010000000000000001000000100001000000000011001000000000000000100000000000000000000000000000100000000000000000000000000000000000000000000000
0000000000000000000000000000000010010000000000000000000000000000000000000000000000000000000000000000000000000000000000000000000000000000000000000000000000000000000000000000011100000000000000000000000000000000000000000000000000000
0000000000000000000000000000000001000000000000000000000000000000000000000000100000000000000100011000000000000000000000000000000000000000000000000000000000000000000000000000000000000000000000000000000000000000000000000000000000000
0000000010000000000000000000000000000000000000000000000000000000000000001000000000000100011000000000000000000100000000010000000000000010000000000000000000100000000000000000000000000000000000000000000000000000000000000000000000000
0000000000000000000000000000001000000000000000000000000000000000000000000000000000000000100000000000000000000000000000000000000000000000000000000000000000000000000000000000000000000000000000000000000000000000000000000000000000000
0000000000000000000000000000000000000000000000100000000000000000000010000000000000000000100100000001000000000000000000001000000000000000000000001000000000000000000000000000000000000000000000000000000000000000000000000000000000000
0000100000100000000000000000000000000000000000000000000000000000000000000000010010000001001000000000000000000000000000000000000000000000000000000000000000000000000000000000000000000000000000010000001000001000000000000000000000000
0000000001000000000011000000101001100000000000000010101000100000000001000101100100100100000001000000100000000000000000001000000100000000011001000000000000000000000000000000000000000000000000000000000000000000000000000000000000000
0000000000000000000000000000000000000000000000000000000000001000010001000000000000000000000010000000100000000000000000100000000000000000000000000000000000000000000000000000000000000000000000000000000000000000000000000000000000000
0000000000000000000000000000001001000000000000000000000000000000000000000000000000000000000000000000000000000000000000000000000000000000000000000000000000000000000000000000000000000000000000000000000000000000000000000000000000000
0000000000000000101000000001000000100001000000000000000001010000001000001000100000000001000000011110000000110000011001000000000000000000000000000000000000000000000000000000000000000000000000000000000000000000000000000000000000000
0000000000000000001000000001000000100000000000000000000001010000000000000000000000000001000000010010000000110000001001000000000000000000000000000000000000000000000000000000000000000000000000000000000000000000000000000000000000000
0000000000000000001000000001000000100000000000000000000001010000000000001000100000000000000000010010000000110000001001000000000000000000000000000000000000000000000000000000000000000000000000000000000000000000000000000000000000000
0000000000000000000000000010000000000001000000000010000000110000000000100000000000000000000000011100000000000000000000000000000000000000000100000000000000000000010000000100000000000000000000000000000000000000000000000000000000000
0100000000000000000000000010000000000000001000000000000000000000000000000000100000101000001000000000000000000000100000000000000000000000000000000001000000000000000000000000000000000000000000000000000000000000000000000000000000000
0000000000001000000000000000100000000000000000000000100000001000010001000101000000100000000011000000110000000000000001100000000000000000000000101000000000000000000000000000000000000000000000000000000000000000000000000000000000000
0000100000110010100101000100101101011000000101000011000111010100001001010000011001000000000000000000101000100111010000000000100000000000000000000000000100100111111111011010000010111111001101111111111110111101111100100000100000000
0000100000110010100101000100101101011000000101000011000111010100001001111000111001000000000000000000010000100111010000000000100000000000000000000000000100100111111111011010000010111111001101111111111110111101111100100000100000000
0000001000000000000000000000001001000000000000000000000000000000000000000000000000000000000000000000000000000000000000010000000000000000000000000000000000000000000000000000000000000000000000000000000000000000000000000000000000000
0000000000000000000000000000001001000000000000000000000000000000000000000000000000000000000000000000000001000001000000000000000000000000000000000000000000000000000000000000000000000000000000000000000000000000000000000000000000000
0000000000000000000000000000000000000000000000100000000000000000000000000000000000000000000000000000000010000000000000001000000000000000000000001000000000000000000000000000000000000000000000000000000000000000000000000000000000000
1000000000000000001000000001010000100000000000000100000011010000000000101000100000000000000000011100011000110101001001000000000000000000100000000000000000000000000000000000000000000000000000000000000000000000000000000000000000000
0100000000000000000000000010000000000000000000000000000000000000000000000000100000101000000000011100000000100000100000000000000000000000000000000001000000000000000000000000000000000000000000000000000000000000000000000000000000000
0000000010000000000000000000000000000000000000000000000000000000000000001000000000100100000000000000000000000100000000010000000000000010000000000000000000100000000000000000000000000000000000000000000000000000000000000000000000000
0000100000110010100101000100101101011000000101000011000111010100001011111000111001000000100000000000011000101111010000001001101100100100000000000000000100111111111111011010000010111111001101111111111110111101111100100000100000000
0000000000000000000000000000000000000000000000000000000010010000000000101000100000000000000000000000011000000101000000000000000000000000000000000000000000000000000000000000000000000000000000000000000000000000000000000000000000000
0000100010110010000101010100101101011000000101000011000111010100001001111000111001000000000000000000011010100111010000001001101100100100000000000000000100111111111111111110100110111111011101111111111110111101111100100000100000000
0000100001100000000000000000000000000000000000000000000000000000000000000000010010000000000000000001000000010000000000000000000000000000000000000000000000000000000000000000000000000000000000010000001000001000000000000000000000000
0000000000000000000000000000000000000000000000000000000011010000000000101000100000000000000000010000011000000101000000000000000000000000000000000000000000000000000000000000000000000000000000000000000000000000000000000000000000000
0001000000000000000010000000011000100000000000000000010000000010000000000000000000000000000000011100000000100000000100000000000000010001000000000000000100000000000000000000000000000100000000000000000000000000000000000000000000000
0001000000000000001010000000011000000000100000010000010000000010000000000010000000000100000000000000000000000000001110000000000001010011000000000000000100000000000000000000000000000100000000000000000000000000000000000000000000000
0001000000000000000010000000011000000000000000000000010000000010000000000000000000000000000000000000000000000000000100000000000000010001000000000000000100000000000000000000000000000100000000000000000000000000000000000000000000000
0000000000100000000000000000000001100000000000000000000000000000000000000000000000000000000000011100100000100000000000010010000000000000000000000000000000001000000000000000000000000000000000000000000000000000000000000000000000000
0000000000100000000000000000000001000000000000000000000000000000000000000000000000000000000001000000100000000000000000010010000000000000000000000000000000001000000000000000000000000000000000000000000000000000000000000000000000000
0000001000000000000000000000000000000000010000100000000000000000000010001000000000000000100000000000000100001000000001111000000000000000000000001000000000000000000000000000000000000000000000000000000000000000000000000000000000000
0000100010110010000111000110100001011000000101000011001101111100011001011000011001000100001010000000000001000101000000010000000000000010000000000000000100100111111111011010000010111111001101111111111110111101111100100000100000000
0000000000100000000000000000001001000000000000000000000000000000000000000000000000000000000000000000000000000000000000000010000000000000000000000000000000001000000000000000000000000000000000000000000000000000000000000000000000000
0000000000000000000000000000100100000000000000000000000000000000000000000000010000000000000000000000000000000000000001100100000000000000000000000000000000000000000000000000000000000000000000000000000000000000000000000000000000000
0000100000110010000101000100101101011000000101000011000101010100001001010000011001000000000000000000000000000101000000000000100000000000000000000000000100100111111111011010000010111111001101111111111110111101111100100000100000000
0001000100000101010010101000001111010000000000000000000011010000000011101000110010010000000000000000011000000101000000000001111110100100100000000000000000000000000000000000010000000010000000000000000000000000000011000010000110000
0000000000000000000000000000001101000000000000000000000000001000000000000000000000000000000000000000000000000000000000000000100001000000000000000000000010000000000000000000000000000000000000000000000000000000000000000000000000000
0000100000110010000101000100101101011000000101000011000101010100001001010000011001000000000000000000000000000101000000000000100000000000000000000000000100100111111111011010000010111111001101111111111110111101111100100000100000000
0000100000110010000111000100100101011000000101000011000101011100011001010000011001000000000010000000000000000101000000000000100000000000000000000000000100100111111111011010000010111111001101111111111110111101111100100000100000000
0000000000000000000000000000001101100000000000000000000000000000000000000000000000000000000000000000000000000000000000000000100001000000000000000000000010000000000000000000000000000000000000000000000000000000000000000000000000000
0001000000000000000010000000001000000000000000000000010000000000000000000000000000000000000000000000000000000000000100000000010010010001000000000000000100000000000000000000000000000100000000000000000000000000000000000000000000000
0001100000110010000101000100101101111000000101000011000101010100001001010000011001000000000000000000000000000101000000000000100000000000000000000000000100100111111111011010000010111111001101111111111110111101111100100000100000000
0000000000000000001000000000000000000000000000000010000000100000000000000000000000000100000000000000000000000000001110000000000001000000000100000000000000000000010000000100000000000000000000000000000000000000000000000000000000000
0000000010000000000000000000000000000000000000000010000000000000000000001000000000000100000000000000000000000000000000000000000000000010000000000000000000100000000000000000000000000000000000000000000000000000000000000000000000000
0001100000110010000101000100101101111000000101000011000101010100001001010000011001000000000000000000000000000101000000000000100000000000000000000000000100100111111111011010000010111111001101111111111110111101111100100000100000000
0000000000000000000010000000000000000000000000000000010000000000000010001000000000010000100000000000000000001000000100001000000000001001000000000000000100000000000000000000000000000100000000000000000000000000000000000000000000000
0100000000000000001000000010000000000000000000000000000000000000000000000000100000101100000000000000000000000000001110000000000001000010000000000001000000000000000000000000000000000000000000000000000000000000000000000000000000000
0001000000000000000000000000001101100000000000000000000000000000000000000000010000000000000000000000000000100000000000000000100000000000000000000000000000000000000000000000000000000000000000000000000000000000000000000000000000000
0000000000000000000011000000000000000000000000000010001000001000010001000000000000000000000010000000000000000000000000000000000000000000000000000000000000000000000000000000000000000000000000000000000000000000000000000000000000000
0000000000000000000011000000000000000100000000000000001000101000010001000000000000000000000010000000000000000000000000000000000000000000000000000000000000000000000000000000000000000000000000000000000000000000000000000000000000000
0000100000000000101000000000000000000001000000000000000000000000001000000000010000000000000000000010000000000000000000000000000000010000000000000000000000000000000000000000000000000000000000000000000000000000000000000000000000000
0000000000000000000000000000000000000000000000000010000000100000000000000000000000100000000000000000000000000000000000000000000000000000000000000000000000000000010000000100000000000000000000000000000000000000000000000000000000000
0000000000001000000011000000000000000100000000000010001000101000010101000000000000000000000010000000000000000000000000000000000000000000000001000100000000000000000000000000000000000000000000000000000000000000000000000000000000000
0000000000001000000010000000000000000000000000000000000000001000000000000011000000100000000000000000100000000000000000000000000000000000000000010000000000000000000000000000000000000000000000000000000000000000000000000000000000001
0000000000001000000000000000000000000000000000000000000000000000100000000101000000000000000000000000000000000000000000000000000000000000000000100000000000000000000000000000000000000000000000000000000000000000000000000000000000000
0000000000000000000010000010000000000000000000000000000000000000100000000010000000000000001000000000100001000000000000010000000000000000000000000000000000000000000000000000000000000000000000000000000000000000000000000000000000001
0000000000000000000000000000000000000000000000000000000000000000000000000000000000100000000000000000000000000000000000000000000000000000000001000000000000000000000000000000000000000000000000000000000000000000000000000000000000000
0100000000000000000000000000000000000000000000000010000000000000000000000000000000000000000000000000000000000000000000000000000000000000000000000001000000000000000000000000000000000000000000000000000000000000000000000000000000000
0000010001000000000000000011000000000000000010000000000000000000000010000000000000001000000000000001000000010000000000000000000000000001000000000011100000000000000000000000000000000000000000000000000000000000000000000000000000000
0000000000000000000000000000000000000000000000000001000000000000000000000000000000000000000000000000000000000000000000000000000000000000000000000001010000000000000000000000000000000000000000000000000000000000000000000000000000000
0000000000000000000000000000000000000000000000000000000000000000000000000000000000000000000000000000000000000000000000000000000000000000000000000000101000000000000000000000000000000000000000000000000000000000000000000000000000000
0000000000000000000000000000000000000000100000000010000000000000000000000000000000000000000000000000000000000000000000000000000000000000000000000000010010000000000000000000000000000000000000000000000000000000000000000000000000000
0000000000100000001000010000100000000000100000010000000011010000000000101010100000000100000000000000011000000101001110001001001101100110000000000000000111110110111111100000000000000000000000000000000000000000000000000000000000000
0000000000000000000000000000000000000000000000000000000000000000000000000000000000000000000000000000000000000000000000000000010010000000000000000000001100000000000000000000000000000000000000000000000000000000000000000000000000000
0000000000000000000000010000000000000000000010000000000000000000000000000000000000000000000000000000000000000000000000000000000000000000000000000000000100000000000000000000000000000000000000000000000000000000000000000000000000000
0000100000110010000101000100100001011000000101000011000111010100001010111000111001010000100000000000011000001101000000001001001100101100000000000000000100100111111111011010000010111111001101111111111110111101111100100000100000000
0000100000110010000101010100100001011000000101000011000101010100001000010000011001000000000000000000000000000101000000000000000000000000000000000000000100000111111111011010000010111111001101111111111110111101111100100000100000000
0000000000000000000000000000100000000000000000000000000000000000000000000000000000000000000000000000000000000101000001100100000000000000000000000000000000000000000000100000000000000000000000000000000000000000000000000000000000000
0000100000110010000000000100100001011000000101000011000111010100001000111000111001000000000000000000011000000101000000001001001100100100000000000000000100110011111111011010000010111111001101111111111110111101111100100000100000000
0000100000110010000000000100100001011000000101000011000111010100001000111000111001000000000000000000011000000101000000001001001100100100000000000000000100110101111111011010000010111111001101111111111110111101111100100000100000000
0000000000100000000000000000100000000000000000000000000011010000000000101000100000000000000000000000011000000101000000001001001100100100000000000000000000110110000000000000000000000000000000000000000000000000000000000000000000000
0000100000110010000000000100100001011000000101000011000111010100001000111000111001000000000000000000011000000101000000001001001100100100000000000000000100110110111111111110100110111111001101111111111110111101111100100000100000000
0000100000110011101000000100100001011001000101001001000111010100001000111000111001000000000000000010011000000101000000001001001100110100000010000000000100110110111111111111111111111111011101111111111111111111111101110000100000000
0000100000110010000000000100100001011000000101000001000111010100001000111000111001000000000000000000011000000101000000001001001100100100000000000000000100110110110111011010000010111111001101111111111110111101111100100000100000000
0000100000110010000000000100100001011000000101000001000111010100001000111000111001000000000000000000011000000101000000001001001100100100000000000000000100110110111011011010000010111111001101111111111110111101111100100000100000000
0000100000110010000000000100100001011000000101000001000111010100001000111000111001000000000000000000011000000101000000001001001100100100000000000000000100110110111101011010000010111111001101111111111110111101111100100000100000000
0000100000110010000000000100100001011000000101000001000111010100001000111000111001000000000000000000011000000101000000001001001100100100000000000000000100110110111110011010000010111111001101111111111110111101111100100000100000000
0000100000110010000100010100000001011000000101000001000101010100001000010000011001000000000000000000000000000001000000000000000000000000000000000000000100001000110000011010000010111111001101111111111110111101111100100000100000000
0000100000110010000000000100100001011000000101000001000111010100001000111000111001000000000000000000011000000101000000001001001100100100000000000000000000110110111111101010000010111111001101111111111110111101111100100000100000000
0000000000100100000000000000100000000000000000000001000011010000000000101000100000000000000000000000011000000101000000001001001100100100000000000000000000110110111111110000000000000000000000000000000010000000000000000000000000100
0000100000110010101000000100000001011001000101000001000101010100001000010000011001000000000000000010000000000001000000000000000000010000000010000000000000000000110000000010000010111111001101111111111110111101111100100000100000000
0000000000110010000000000100100001011000000101000001000111010100001000111000111001000000000000000000011000000101000000001001001100100100000000000000000000110110111111110100000010111111001101111111111110111101111100100000100000000
0000000000000000000000000000000000000000000000000010000000000000000000000000010000000000000000000000000000000000000000000000000000000000000000000000000000000000010000000000000000000000000000000000000000000000000000000000000000000
0000000000110010000000000100000001011000000101000011000101010100001000010000001001000000000000000000000000000001000000000000000000000000000000000000000000000000110000000000000010111111001101111111111110111101111100100000100000000
0001000000000000000000000000001111100000000000000000000000000000000000000000000010000010000000000000000000000000000000000000100000000000000000000000000000000000010000000000001001000000000000000000000000000000000000000000000001000
0000000000000000000000000000000010010000000000000000000000000000000000000000000000000010000000000000000000000000000000000000000000000000000000000000000000000000010000000000010001000000000000000000000000000000000000000000000001000
0000000000110010000000000100000001001000000101000001000101010100001000010000001001000010000000000000000000000001000000000000000000000000000000000000000000000000110000000000000010111111001101111111111110111101111100100000100000000
0000000000100000000000000000100010000000000000000000000011010000000000101000100000000000000000000000011000000101000000001001001100100100000000000000000000110110111111110110100101000000000000000000000000000000000000000000000001000
0000000000000000000000000000000010010000000000000000000000000000000000000000000000000000000000000000000000000000000000000000000000000000000000000000000000000000010000000000011010000000000000000000000000000000000000000000000001000
0000000000110000000000000100100001001000000101000001000111010100001000111000101001000000000000000000011000000101000000001001001100100100000000000000000000110110111111110110100100111111011101111111111110111101111100100000100000000
0000000000110000000000000100100001001000000101000001000111010100001000111000101001000000000000000000011000000101000000001001001100100100000000000000000000110110111111110110100100111111001101111111111110111101111100100000100000000
0000000000100000000000000000100000000000000000000000000011010000000000101000100000000000000000000000011000000101000000001001001100100100000000000000000000110110111111110110100100110100000000000000000000000000000000000000000000000
0000000000110000001000000100100001001000100101010001000111010100001000111010101001000100000000000000011000000101001110001001001101100110000000000000000000110110111111110110100100111111011101111111111110111101111100100000100000000
0001000000110000000000000100101111101000000101000001000111010100001000111000101011000000000000000000011000000101000000001001101100100100000000000000000000110110111111110110100100110111011101111111111110111101111100100000100000000
0000000000110000000000000100100001001000000101000001000111010100001000111000101001000000000000000000011000000101000000001001001100100100000000000000000000110110111111110110100100110110001101111111111110111101111100100000100000000
0000000000000000000000000000000000000000000100000000000000000000000000000000000000000000000000000000000000000000000000000000000000000000000000000000000000000000000000000000000000000000010000000000000000000000000000000000000000010
0000000000110000000000000100000001001000000001000001000101010100001000010000001001000000000000000000000000000001000000000000000000000000000000000000000000000000010000000000000000100110101101111111111110111101111100100000100000000
0000000000110000000000000100100001001000000001000001000111010100001000111000101001000000000000000000011000000101000000001001001100100100000000000000000000110110111111110110100100110111010101111111111110111101111100100000100000000
0000000000110000000000000100100001001000000001000001000111010100001000111000101001000000000000000000011000000101000000001001001100100100000000000000000000110110111111110110100100110111011001111111111110111101111100100000100000000
0000000000000000000000000000000000000000000000001001000000000000000000000000000000000000000000000000000000000000000000000000000000000000000000000000000000000000000000000000000000000000000000000000000000000000000000000000000000000
0000000000110000000000000100100001001000000001001000000111010100001000111000101001000000000000000000011000000101000000001001001100100100000000000000000000110110111111110110100100110111011100111111111110111101111100100000100000000
0000000000110000010000000100100001001000000001001000000111010100001000111000101001000000000000000000011000000101000000001001001100100100000000000000000000110110111111110110100100110111011101111111111111111111111100100000100000000
0000000000110000000000000100100001000000000001001000000111010101001000111000101001000000000100000000011000000101100000001001001100100100000000000000000000110110111111110110100100110111011101111111111111111111111100100000100000000
0000000000110000000000000100100001000000000001001000000111010100001000111000101001000000000000000000011000000101000000001001001100100100000000000000000000110110111111110110100100110111011101110111111110111101111100100000100000000
0000000000110000000000000100100001000000000001001000000111010100001000111000101001000000000000000000011000000101000000001001001100100100000000000000000000110110111111110110100100110111011101111111111110111101111100100000100000000
0000000000110000000000000100100001000000000001001000000111010100001000111000101001000000000000000000011000000101000000001001001100100100000000000000000000110110111111110110100100110111011101111101111110111101111100100000100000000
0000000000110000000000000100100001000000000001001000000111010100001000111000101001000000000000000000011000000101000000001001001100100100000000000000000000110110111111110110100100110111011101111111111111111111111100100000100000000
0000000000110000000000000100100001000000000001001000000111010100001000111000101001000000000000000000011000000101000000001001001100100100000000000000000000110110111111110110100100110111011101111111011110111101111100100000100000000
0000000000110000000000000100100001000000000001001000000111010100001000111000101001000000000000000000011000000101000000001001001100100100000000000000000000110110111111110110100100110111011101111111111110111101111100100000100000000
0000000000110000000000000100100001000000000001001000000111010101001000111000101001000000000100000000011000000101100000001001001100100100000000000000000000110110111111110110100100110111011101111111111110111101111100100000100000000
0000000000100000000000000100100001000000000001001000000111010100001000111000101001000000000000000000011000000101000000001001001100100100000000000000000000110110111111110110100100110111011101111111111110111101111100100000100000000
0000000000100000000000000000100000000000000000001000000111010000000000111000100001000000000000000000011000000101000000001001001100100100000000000000000000110110111111111110100100110111011101111111111101000000000000000000000000000
0000000000100000000000000100000001000000000001000000000001010100001000000000001000000000000000000000000000000000000000000000000000000000000000000000000000000000010000000000000000000000000000110001000010111101111100100000100000000
0000000000100000000000000100100001000000000001001000000111010100001000111000101001000000000000000000011000000101000000001001001100100100000000000000000000110110111111110110100100110111011101111111111101011101111100100000100000000
0000000000100000000000000100100001000000000001001000000111010100001000111000101001000000000000000000011000000101000000001001001100100100000000000000000000110110111111110110100100110111011101111111111101111111111100100000100000000
0000000000110000000000000000100000000000000000001000000111010001000000111000110001000000000100000000011000000101100000001001001100100100000000000000000000110110111111110110100100110111011101111111111101111100000000000000000000000
0000000000100000000000000000100000000000000000001000000111010000000000111000110001000000000000000000011000000101000000001001001100100100000000000000000000110110111111110110100100110111011101111111111101111000000000000000000000000
0000000000100000000000000100000001000000000001000010000000010100001000000000011000000000000000000000000000000000000000000000000000000000000000000000000000000000010000000000000000000000000000110001000000010001111100100000100000000
0000000000100000000000000000100000000000000000001000000111010000000000111000100001000000000000000000011000000101000000001001001100100100000000000000000000110110111111110110100100110111011101111111111101110010000000000000000000000
0000000000100000000000000000100000000000000000001000000111010000000000111000100001000000000000000000011000000101000000001001001100100100000000000000000000110110111111110110100100110111011101111111111101110010000000000000000000000
0000000000100000000000000000100000000000000000001010000111010000000000111000100001000000000000000000011000000101000000001001001100100100000000000000000000110110111111110110100100110111011101111111111101110010001000000000000000000
0000000000100000000000000100100001000000000001001010000111010100001000111000111001000000000000000000011000000101000000001001001100100100000000000000000000110110111111110110100100110111011101111111111101110010011101101001100000000
0000000000100000000000000000100000000000000000001010000111010000000000111000100001000000000000000000011000000101000000001001001100100100000000000000000000110110111111110110100100110111011101111111111101110010001000000000000000000
0001000000000000000000000000001111100000000000000000000000000000000000000000000010000000000000000000000000000000000000000000100000000000000000000000000000000000000000000000000000000000000000000000000000000000000001000000000000000
0001000000000000010000000000001111111000000001000000000000010100001000000000001010000000000000000000000000000000000000000000100000000000000000000000000000000000010000000000000000000000000000000000000000000000001010100000110100000
0000000000100000000000000000100001100001000000001000000111010000000000111000110001000000000000000000011000000101000000001001001100100100000000000000000000110110111111110110100100110111011101111111111101110010001001101000010000000
0000000000000000000000000000000001000000000001000000000000010100000000000000011000000000000000000000000000000000000000000000000000000000000000000000000000000000010000000000000000000000000000000000000000000000000000000000100000000
0000000000000000000000000000000000000001000001000000000000000000001000000000000000000000000000000000000000000000000000000000000000000000000000000000000000000000000000000000000000000000000000000000000000000000001000100100000000000
0000000000000000000000000000000001100001000000000000000000000000000000000000010000000000000000000000000000000000000000000000000000000000000000000000000000000000000000000000000000000000000000000000000000000000000000001000010000000
0001000000000000000000000000001111110000000000000000000000000000000000000000000010000000000000000000000000000000000000000000100000000000000000000000000000000000000000000000000000000000000000000000000000000000000000000001000000000
0000000000000000000000000000000000000000000000000000000000000000000000000000000000000000000000000000000000000000000000000000000000000000000000000000000000000000000000000000000000000000000000000000000000000000001000000010000000000
0000000000100100000000101000100100000000000000001000000111010100000000111000111001000000000000000000011000000101000000001001001100100100000000000000000000110110111111110110100100110111011101111111111101110010001001010000000110000
0000000000000100000000101000000100000001000001000010000000000000001000000000000000000000000000000000000000000000000000000000000000000000000000000000000000000000000000000000000000000000000000000000000000000000000001100100000110000
0000000000000000000000100000000001000000000000000000000000000000000000000000000000000000000000000000000000000000000000000000000000000000000000000000000000000000000000000000000000000000000000000000000000000000000000000000000000000
0001000000000100000000000000001111110000000000000000000000000000000000000000000010000000000000000000000000000000000000000000100000000000000000000000000000000000000000000000000000000000000000000000000000000000000001000000110010000
0001000000000000000000000000001111110000000000000000000000000000000000000000000010000000000000000000000000000000000000000000100000000000000000000000000000000000000000000000000000000000000000000000000000000000000000000000110101000
0000000000000000000000000000000010010000000000000000000000000000000000000000000000000000000000000000000000000000000000000000000000000000000000000000000000000000000000000000011011000000000000000000000000000000000000000000000010000
0000000000000000000000100000000000000000000000000000000000000000000000000000000000000000000000000000000000000000000000000000000000000000000000000000000000000000000000001000000000000000000000000000000000000000000000000000000000010
0000000000000000000000000000000000000000000000000000000000000000000000000000000000000000000000000000000000000000000000000000000000000000000000000000000000000000000000000000000000000000100000000000000000000000000000000000000000101
0000000000001000000000000000000000000000000000000000100000000000000000000101000000000000000000000000000000000000000000000000000000000000000000101000000000000000000000000000000000000000000000000000000000000000000000000000000000010
