# n_oS 54
# n 64
0 1
0 2
0 3
1 2
1 3
2 3
# snap 1
2 4
# snap 2
# snap 3
# snap 4
# snap 5
# snap 6
# snap 7
# snap 8
2 5
# snap 9
2 6
# snap 10
# snap 11
# snap 12
# snap 13
# snap 14
# snap 15
# snap 16
# snap 17
# snap 18
# snap 19
8 9
# snap 20
# snap 21
# snap 22
# snap 23
# snap 24
# snap 25
# snap 26
# snap 27
# snap 28
# snap 29
# snap 30
# snap 31
# snap 32
# snap 33
# snap 34
# snap 35
# snap 36
# snap 37
# snap 38
# snap 39
# snap 40
10 11
10 12
10 13
10 14
10 15
11 12
11 13
11 14
11 15
12 13
12 14
12 15
13 14
13 15
14 15
# snap 41
10 11
10 12
10 13
10 14
10 15
11 12
11 13
11 14
11 15
12 13
12 14
12 15
13 14
13 15
14 15
16 17
16 18
16 19
16 20
16 21
17 18
17 19
17 20
17 21
18 19
18 20
18 21
19 20
19 21
20 21
# snap 42
16 19
16 20
16 21
16 22
16 23
19 20
19 21
19 22
19 23
20 21
20 22
20 23
21 22
21 23
22 23
# snap 43
16 22
16 24
16 25
16 26
16 27
22 24
22 25
22 26
22 27
24 25
24 26
24 27
25 26
25 27
26 27
# snap 44
28 29
# snap 45
28 29
# snap 46
# snap 47
# snap 48
31 32
# snap 49
31 32
31 33
31 34
31 40
32 33
32 34
32 40
33 34
33 40
34 40
35 36
35 37
35 38
35 39
35 41
36 37
36 38
36 39
36 41
37 38
37 39
37 41
38 39
38 41
39 41
# snap 50
42 43
# snap 51
45 46
45 47
46 47
# snap 52
34 48
34 49
46 47
48 49
50 51
# snap 53
31 34
31 40
31 48
31 52
31 53
31 55
31 56
31 57
31 59
31 61
31 63
34 40
34 48
34 52
34 53
34 55
34 56
34 57
34 59
34 61
34 63
40 48
40 52
40 53
40 55
40 56
40 57
40 59
40 61
40 63
48 52
48 53
48 55
48 56
48 57
48 59
48 61
48 63
52 53
52 55
52 56
52 57
52 59
52 61
52 63
53 55
53 56
53 57
53 59
53 61
53 63
54 58
54 60
54 62
55 56
55 57
55 59
55 61
55 63
56 57
56 59
56 61
56 63
57 59
57 61
57 63
58 60
58 62
59 61
59 63
60 62
61 63
# snap 54
